00000
00000
01110
00100
00000

00000
00100
01100
00100
00000

00000
00100
01110
00000
00000

00000
00100
00110
00100
00000

00000
00000
02220
00020
00000

00000
00200
00200
02200
00000

00000
02000
02220
00000
00000

00000
00220
00200
00200
00000

00000
00000
03300
00330
00000

00000
00030
00330
00300
00000

00000
00000
03300
00330
00000

00000
00030
00330
00300
00000

00000
00000
01100
01100
00000

00000
00000
01100
01100
00000

00000
00000
01100
01100
00000

00000
00000
01100
01100
00000

00000
00000
00220
02200
00000

00000
00200
00220
00020
00000

00000
00000
00220
02200
00000

00000
00200
00220
00020
00000

00000
00000
03330
03000
00000

00000
03300
00300
00300
00000

00000
00030
03330
00000
00000

00000
00300
00300
00330
00000

00000
00000
11110
00000
00000

00100
00100
00100
00100
00000

00000
00000
11110
00000
00000

00100
00100
00100
00100
00000